1	0
2	0
3	0
4	0
5	0
6	0
7	0
8	0
9	0
10	0
11	0
12	0.372741269
13	0.199848974
14	0.456026839
15	0.434820356
16	0.163685482
17	0.048292474
18	0.068939277
19	0.10480716
20	0.139133438
21	0.083725114
22	0.088425146
23	0.073420158
24	0.15014564
25	0.021689131
26	0.16571155
27	0.132193253
28	0.29851313
29	0.25661091
30	0.506301418
31	0.543920213
32	0.539097751
33	0.37620448
34	0.255919911
35	0.629565117
36	0.851824518
37	0.651090721
38	0.673229718
39	0.535225388
40	0.557651584
41	0.640628451
42	0.651885035
43	0.027715727
44	0.149161421
45	0.719783323
46	0.596366705
47	0.333873899
48	0.633932457
49	0.25450131
50	0.070571008
51	0.035986012
52	0.01777634
53	0.236350798
54	0.56628916
55	0.182627535
56	0.260991343
57	0.168252475
58	0.289399979
59	0.288832271
60	0.481157678
61	0.060923696
62	0.114405061
63	0.46503008
64	0.568709661
65	0.551760321
66	0.436716062
67	0.567524546
68	0.646665751
69	0.878280773
70	0.877277535
71	0.701154847
72	0.773220342
73	0.753482446
74	0.656574076
75	0.623673472
76	0.631519028
77	0.709642467
78	0.77489231
79	0.449516067
80	0.31760944
81	0.434584385
82	0.525719429
83	0.653942452
84	0.030575581
85	0.097308537
86	0.660224898
87	0.670854518
88	0.481931538
89	0.502653845
90	0.219464441
91	0.266676071
92	0.359821032
93	0.143749174
94	0.813299875
95	0.844267595
96	0.715758711
97	0.956838213
98	0.769142974
99	0.270616769
100	0.256512182
101	0.53935494
102	0.648520169
103	1
104	0.726035664
105	0.000683544
106	0
107	0.046804582