1	-999
2	-999
3	-999
4	-999
5	-999
6	-999
7	-999
8	-999
9	-999
10	-999
11	-999
12	0.396247431
13	0.62396406
14	0.606897148
15	0.043263729
16	0.027192314
17	0.08094427
18	0.127388795
19	0.220779547
20	0.139638917
21	0.233865577
22	0.152253296
23	0.019966812
24	0.021786671
25	0.302550627
26	0.448939991
27	0.623372361
28	0.278123614
29	0.22483714
30	0.423312971
31	0.432689374
32	0.541933746
33	0.855270269
34	1.258800533
35	1.257257939
36	1.266748696
37	0.539777151
38	0.362159
39	0.42342954
40	0.484888772
41	0.393354099
42	-0.013421734
43	-0.00586092
44	0.185422624
45	0.323276871
46	0.266461237
47	0.270823774
48	0.203084874
49	0.140353512
50	0.18578609
51	0.01829468
52	-0.019254267
53	0.03785951
54	0.130163028
55	0.236267488
56	0.041891322
57	0.006444718
58	0.043282235
59	0.094211242
60	0.035347042
61	0.057691957
62	0.173186737
63	0.25437276
64	0.282263611
65	0.331807242
66	0.311604845
67	0.585056941
68	0.86204911
69	0.942551223
70	0.638955517
71	0.800154447
72	1.048708352
73	0.715738671
74	0.62371226
75	0.710350743
76	0.605782235
77	0.756958337
78	0.674700106
79	0.488582108
80	0.250495319
81	0.357743635
82	0.474572388
83	0.516657539
84	-0.02336959
85	-0.065463915
86	0.121265869
87	0.297374009
88	0.250232763
89	0.200951213
90	0.155597718
91	-0.041233976
92	-0.042934262
93	0.031934766
94	-0.001204194
95	0.03374039
96	0.11800401
97	0.120250759
98	0.115433495
99	0.071525321
100	0.136925578
101	0.269008502
102	0.228389234
103	0.202995984
104	0.147871304
105	0.198361243
106	0.056059524
107	0.244857014
108	0.588157787
109	0.739793678
110	0.660688171
111	0.767235496
112	0.624464656
113	0.287962336
114	0.311989822
115	0.393690676
116	0.661238115
117	0.553370104
118	0.950548417
119	0.979363433
120	1.148293046
121	1.184742739
122	0.963303406
123	0.6426914
124	0.020433719
125	0.293153821
126	0.35574663
127	0.361206523
128	0.213361716
129	-0.088914727
130	-0.025816894
131	0.349017453
132	0.455624248
133	0.350164632
134	0.448840979
135	0.239825592
136	-0.004754865
137	0.028684295
138	-0.00366336
139	0.039128951
140	0.035349572
141	0.040492659
142	0.123226654
143	0.051454202
144	0.037841479
145	0.138048874
146	0.331698582
147	0.161470741
148	-0.092318461
149	-0.001991545
150	0.36673601
151	0.514555037
152	0.535435967
153	1.024242271
154	1.135440153
155	1.037010387
156	1.099056258
157	1.048858293
158	1.043907536
159	1.055167539
160	1.042112826
161	1.024181219
162	1.006061395
163	0.99321214
164	0.985355555
165	0.572416307
166	0.388003498
167	0.851618214
168	0.888373958
169	0.682156846
170	0.339312698
171	0.798962349
172	0.842818485
173	0.075124233
174	0.054161057
175	-0.03800549
176	0.375835622
177	0.705909756
178	0.86541093
179	0.885703956
180	0.930421466
181	0.304312756
182	0.235573613
183	0.129427082
184	0.19593023
185	0.573909078
186	0.776556382
187	0.698392754
188	0.14570775
189	0.285429306
190	-0.012598163
191	0.323637331
192	0.431032426
193	0.597938146
194	1.215769233
195	1.31078878
196	0.878031003