1	-999
2	-999
3	-999
4	-999
5	-999
6	-999
7	-999
8	-999
9	-999
10	-999
11	-999
12	0.199735219
13	0.441419227
14	0.59988016
15	0.277804486
16	0.135989963
17	0.075174862
18	0.061973001
19	0.075831095
20	0.080666211
21	0.160916039
22	0.169936323
23	0.07368375
24	0.074000645
25	0.155847515
26	0.175985156
27	0.271633563
28	0.198788125
29	0.151412781
30	0.214981187
31	0.270043702
32	0.396590713
33	0.713267503
34	1.492158448
35	1.249690732
36	1.835747967
37	0.574499839
38	0.236866688
39	0.149295061
40	0.114839694
41	0.095198492
42	0.083754366
43	0.128165441
44	0.278129461
45	0.353370014
46	0.348434353
47	0.375589466
48	0.215741556
49	0.102856039
50	0.070853241
51	0.058687348
52	0.072152241
53	0.096894284
54	0.138601428
55	0.15327106
56	0.067608883
57	0.069824455
58	0.129783131
59	0.21829467
60	0.138498191
61	0.09548666
62	0.144641284
63	0.297641391
64	0.349243198
65	0.292590822
66	0.238691751
67	0.316579679
68	0.573388462
69	0.861303221
70	0.706999626
71	0.703419521
72	1.057425278
73	0.491930305
74	0.37684358
75	0.326258889
76	0.248884457
77	0.299616374
78	0.301108383
79	0.210194548
80	0.141940047
81	0.125881643
82	0.150738594
83	0.145142212
84	0.079679618
85	0.121427159
86	0.288472983
87	0.46414589
88	0.367858307
89	0.323307188
90	0.290993779
91	0.139527875
92	0.05646639
93	0.070218553
94	0.12516616
95	0.168621164
96	0.239298609
97	0.220871124
98	0.11787219
99	0.118829159
100	0.221426812
101	0.459932893
102	0.216249665
103	0.235426746
104	0.17224795
105	0.139263047
106	0.169065535
107	0.218060365
108	0.234439255
109	0.389476287
110	0.422939674
111	0.624501012
112	0.593890577
113	0.428716498
114	0.396430919
115	0.356151148
116	0.341237337
117	0.22760761
118	0.318568127
119	0.406687362
120	0.4049799
121	0.526343479
122	0.765694313
123	0.555722243
124	0.309006518
125	0.265174472
126	0.150286144
127	0.118821978
128	0.114641298
129	0.221003089
130	0.641295546
131	0.573309463
132	0.446959951
133	0.372675469
134	0.296085643
135	0.137232406
136	0.085126081
137	0.064656284
138	0.078555673
139	0.127670797
140	0.124265748
141	0.148401831
142	0.088486245
143	0.104652375
144	0.189862102
145	0.352168865
146	0.208032839
147	0.131430446
148	0.146103669
149	0.278695922
150	0.336175097
151	0.406436001
152	0.633656852
153	0.542155908
154	0.644227497
155	1.020782169
156	1.957457168
157	0.715403177
158	0.299457477
159	0.159223838
160	0.261301711
161	0.437099401
162	0.303788973
163	0.117865906
164	0.12704778
165	0.302778141
166	0.306764913
167	0.175099107
168	0.189398879
169	0.758041256
170	0.470913796
171	0.191239203
172	0.098108899
173	0.234254324
174	0.32580195
175	2.693158835
176	0.754792409
177	0.638405787
178	0.427625769
179	0.495748305
180	0.17948267
181	0.094476726
182	0.057842594
183	0.18097468
184	0.250169093
185	0.275373462
186	0.243805161
187	0.439433472
188	0.183906632
189	0.175080255
190	0.637786361
191	0.253324577
192	0.351357327
193	0.318455912
194	0.295371059
195	0.461172644
196	0.164029329
197	0.268402671
198	0.216126677
199	0.083880944
200	0.168648095
201	0.207289528
202	0.191524678
203	0.176468129
204	0.080562974
205	0.220590138
206	0.110521664
207	0.267195239
208	0.148567011
209	0.257908332
210	0.170594351
211	0.326720317
212	0.336368107
213	0.27005627
214	0.336849284
215	0.349578945
216	0.077097777
217	0.077198321
218	0.073499718
219	0.179197196
220	0.292086304
221	1.681871686
222	0.696910158
223	1.019665406
224	3.511139175
225	0.7527887
226	0.337340337
227	0.29678766
228	0.417229281
229	0.142255146
230	0.10753585
231	0.129459054
232	0.177700698
233	0.243832092
234	1.501332242
235	0.706685424
236	0.622623881
237	0.449663881
238	0.323052235
239	0.131607297
240	0.138731598
241	0.098658303
242	0.166999883
243	0.239693606
244	0.228753998
245	0.346137987
246	0.10562281
247	0.149757387
248	0.284501473
249	1.214427417
250	0.30376653
251	0.123500891
252	0.237168321
253	0.212563629
254	0.272563601
255	0.33569751
256	0.612257017
257	0.417935786
258	0.757319489
259	1.341989748
260	0.931693397
261	0.306311565
262	0.573458484
263	1.048572867
264	1.366998414
265	0.617414415
266	0.218660041
267	0.894609507
268	1.021037121
269	0.903738416
270	0.73323727
271	1.093580027
272	1.725366189
273	0.633538353
274	0.172679753
275	0.426689447
276	0.782751879
277	0.465237517
278	0.338267681
279	0.942423836
280	3.210510914
281	1.429879167
282	1.049177032
283	0.593070061
284	1.482512454
285	0.727201903
286	0.336703854
287	0.142431099
288	0.290223536
289	0.390521232
290	1.041134364
291	1.045370702
292	0.382948969
293	0.261663492
294	2.29661285
295	0.142581916
296	1.464449442
297	0.436639769
298	0.421551799
299	0.653428223
300	0.987786493
301	0.585613604
302	0.082264152
303	0.243304233
304	0.383624054