1, 21
2, 20
3, 19
6, 16
7, 15
8, 14
41, 52
42, 51
43, 50
44, 49
54, 257
55, 256
56, 255
57, 254
58, 253
59, 252
60, 251
61, 249
62, 248
64, 86
65, 85
66, 84
90, 152
91, 151
92, 150
93, 149
95, 145
96, 144
97, 143
98, 142
99, 141
100, 140
104, 138
105, 137
106, 136
107, 135
114, 127
115, 126
116, 125
171, 217
172, 216
173, 215
174, 214
181, 207
182, 206
183, 205
184, 204
186, 202
187, 201
188, 200
189, 199
190, 198
226, 245
227, 244
228, 243
229, 242
230, 241
231, 240
232, 239
233, 238
287, 304
288, 303
289, 302
290, 301
