1, 21
2, 20
3, 19
6, 16
7, 15
8, 14
41, 52
42, 51
43, 50
44, 49
54, 257
55, 256
56, 255
57, 254
58, 253
59, 252
60, 251
78, 250
79, 249
80, 248
82, 246
83, 245
84, 244
85, 243
86, 242
87, 241
92, 236
93, 235
94, 234
95, 233
96, 232
97, 130
98, 129
99, 128
100, 127
101, 126
102, 125
103, 124
136, 222
137, 221
138, 220
139, 219
144, 170
145, 169
146, 168
171, 217
172, 216
173, 215
174, 214
181, 207
182, 206
183, 205
184, 204
186, 202
187, 201
188, 200
189, 199
190, 198
283, 337
284, 336
289, 331
290, 330
291, 329
292, 328
296, 325
297, 324
298, 323
