1, 21
2, 20
3, 19
6, 16
7, 15
8, 14
41, 461
42, 460
43, 459
44, 458
45, 457
47, 456
48, 455
49, 454
50, 453
51, 452
52, 451
53, 450
54, 449
55, 64
56, 63
57, 62
72, 447
73, 446
74, 445
75, 444
76, 443
77, 442
78, 441
79, 440
80, 439
81, 437
82, 436
83, 435
84, 95
85, 94
86, 93
87, 92
97, 130
98, 129
99, 128
100, 127
101, 126
102, 125
103, 124
132, 426
133, 425
134, 424
135, 423
136, 422
137, 419
138, 418
139, 417
140, 416
142, 257
143, 256
144, 255
145, 254
146, 253
147, 252
148, 251
149, 249
150, 248
181, 206
182, 205
183, 204
184, 203
186, 202
187, 201
188, 200
189, 199
190, 198
207, 218
208, 217
209, 216
226, 245
227, 244
228, 243
229, 242
230, 241
231, 240
232, 239
233, 238
263, 279
264, 278
265, 277
266, 276
267, 275
280, 340
281, 339
282, 338
283, 337
284, 336
289, 331
290, 330
291, 329
292, 328
296, 325
297, 324
298, 323
342, 351
343, 350
344, 349
371, 382
372, 381
373, 380
374, 379
384, 395
385, 394
386, 393
387, 392
