1	-999
2	-999
3	-999
4	-999
5	-999
6	-999
7	-999
8	-999
9	-999
10	-999
11	-999
12	0.470395804
13	0.247515741
14	0.134781864
15	0.111980356
16	0.132864781
17	0.098901022
18	0.11040764
19	0.112103109
20	0.102876065
21	0.020268486
22	-0.015561278
23	0.021286756
24	0.129836333
25	0.231415374
26	0.33772245
27	0.666622068
28	1.2126851
29	1.860488646
30	2.701628415
31	3.400183172
32	3.807739218
33	3.511850172
34	2.780125017
35	1.809896437
36	0.992429802
37	0.55711848
38	0.225044594
39	0.036259282
40	-0.002240558
41	0.011363565
42	0.043092237
43	0.119603377
44	0.187694016
45	0.201954741
46	0.169403874
47	0.125463374
48	0.022874302
49	0.016029812
50	0.019167007
51	0.012622397
52	0.041849058
53	0.034939485
54	0.04686132
55	0.06927974
56	0.129466428
57	0.183084613
58	0.133657318
59	0.07908265
60	0.043790032
61	0.041537645
62	0.087666272
63	0.177180953
64	0.364321051
65	0.527078686
66	0.752786178
67	0.908384616
68	1.009669544
69	1.022678028
70	1.00693768
71	0.719474079
72	0.537829016
73	0.375480007
74	0.20670914
75	0.094105431
76	0.124740863
77	0.082794888
78	0.049160666
79	0.015172192
80	-0.024411825
81	-0.005574651
82	0.025490004
83	0.020838585
84	0.076326071
85	0.136216999
86	0.151925217
87	0.214866836
88	0.177608528
89	0.148589476
90	0.126511302
91	0.056651048
92	0.03271758
93	0.028249878
94	0.017164245
95	0.05891085
96	0.056639514
97	0.115790631
98	0.129131947
99	0.183592101
100	0.223254383
101	0.225956589
102	0.178235472
103	0.101519195
104	0.057565514
105	0.045893304
106	0.129063568
107	0.212088013
108	0.292051879
109	0.417386438
110	0.599816624
111	0.633681522
112	0.563441476
113	0.319022857
114	0.200899398
115	0.152049617
116	0.186234166
117	0.2572305
118	0.36926411
119	0.579992486
120	0.787409012
121	0.837430298
122	0.85134089
123	0.662389985
124	0.40904585
125	0.18708602
126	0.079805161
127	0.071285798
128	0.142604255
129	0.247776075
130	0.376232176
131	0.422312196
132	0.365373923
133	0.263558439
134	0.117811518
135	0.074488077
136	0.032341084
137	0.039487923
138	0.030900182
139	0.021562743
140	0.025836842
141	0.045963331
142	0.066387227
143	0.062429484
144	0.099482655
145	0.10057919
146	0.081237
147	0.078910467
148	0.074797018
149	0.182997286
150	0.292265255
151	0.48204577
152	0.682540366
153	0.994579209
154	1.287303872
155	1.511449358
156	1.613824231
157	1.517004533
158	1.210925371
159	0.825544713
160	0.556960302
161	0.427676239
162	0.35567976
163	0.295142939
164	0.200152173
165	0.173162246
166	0.152362677
167	0.23437709
168	0.345461633
169	0.450300621
170	0.554399797
171	0.621335408
172	0.734164027
173	0.978263818
174	1.381170917
175	1.492423524
176	1.39256714
177	1.270724028
178	0.711500101
179	0.323356273
180	0.146606485
181	0.052760861
182	0.026413532
183	0.041897664
184	0.057344724
185	0.074404045
186	0.106043742
187	0.136411426
188	0.154220444
189	0.171777366
190	0.214127024
191	0.225319758
192	0.224380577
193	0.194366322
194	0.208887382
195	0.162237262
196	0.13212085
197	0.10991251
198	0.094459683
199	0.087568235
200	0.075278966
201	0.098541002
202	0.091929661
203	0.107277035
204	0.098942214
205	0.112660027
206	0.11955477
207	0.143057369
208	0.195344224
209	0.206145632
210	0.211040084
211	0.207214156
212	0.188112528
213	0.164338886
214	0.114322542
215	0.063126456
216	0.030611013
217	0.030393518
218	0.127160491
219	0.280194305
220	0.572943683
221	0.930523754
222	1.256880991
223	1.454677501
224	1.595385797
225	1.541165382
226	1.342330006
227	0.970959625
228	0.505583793
229	0.212139915
230	0.142356278
231	0.097460944
232	0.117220823
233	0.21804028
234	0.336863182
235	0.484099611
236	0.516199837
237	0.426663736
238	0.260272953
239	0.18658018
240	0.108780549
241	0.060715067
242	0.039978934
243	0.029634759
244	0.052836654
245	0.100563537
246	0.164467405
247	0.238501249
248	0.358354779
249	0.478301403
250	0.608111901
251	0.599521688
252	0.441589303
253	0.273415723
254	0.188396754
255	0.211935602
256	0.277347926
257	0.37821599
258	0.495050135
259	0.615604755
260	0.656857054
261	0.618541756
262	0.516462643
263	0.378484563
264	0.293268696
265	0.263907749
266	0.269800699
267	0.30568566
268	0.357790446
269	0.431667759
270	0.489189314
271	0.511278198
272	0.583494643
273	0.595253357
274	0.474084973
275	0.392115872
276	0.336817046
277	0.219628649
278	0.159820106
279	0.091764068
280	0.023829136
281	-0.012393601
282	0.011466545
283	0.058218822
284	0.126709025
285	0.183970245
286	0.21324716
287	0.209733469
288	0.134960638
289	0.090237487
290	0.064169441
291	0.063919817
292	0.076933243
293	0.127667978
294	0.189918393
295	0.261799534
296	0.26682992
297	0.362540726
298	0.43742148
299	0.398108507
300	0.429686417
301	0.624556635
302	0.842688065
303	0.924438848
304	1.185892072
305	1.519259392
306	1.349856638
307	1.307764018
308	1.25112068
309	1.07253537
310	0.861721314
311	0.655805831
312	0.512168772
313	0.515032451
314	0.642994245
315	0.687468596
316	0.692027744
317	0.920449799
318	1.605091493
319	2.252328235
320	1.072069898
321	0.515436958
322	0.341850728
323	0.322521719
324	0.344332144
325	0.339808421
326	0.353631686
327	0.148698223
328	0.143822719
329	0.163213516
330	0.053454537
331	0.062243296
332	0.209887527
333	0.319275777
334	0.359011382
335	0.370972761
336	0.200690142
337	0.062160911
338	0.019786537
339	-0.003155848
340	0.005011734
341	0.059196724
342	0.135024074
343	0.144389523
344	0.041468442
345	0.076202495
346	0.281800799
347	0.507435793
348	0.272397453
349	0.256372879
350	0.178752022
351	0.175068619
352	0.180480445
353	0.404709139
354	0.727995913
355	1.222211199
356	1.61664507
357	0.855618284
358	0.491225855
359	0.378431837
360	0.390884227
361	0.561340676
362	0.599856169
363	0.609771945
364	0.455770939
365	0.372994472
366	0.382974508
367	0.444203357
368	0.367935251
369	0.274389505
370	0.481579475
371	0.285043445
372	0.090347058
373	-0.024343446
374	0.034012661
375	0.172884611
376	0.307045001
377	0.313055761
378	0.338773674
379	0.238324123
380	0.09631745
381	0.009041151
382	-0.008742328
383	0.014163808
384	0.094481103
385	0.16985534
386	0.210585323
387	0.143110918
388	0.225807473
389	0.474712742
390	0.81076579
391	0.382717469
392	0.189083839
393	0.203097412
394	0.162974601
395	0.150371448
396	0.291424111
397	0.48120545
398	0.783293091
399	0.908492539
400	0.82188932
401	0.752876801
402	0.84720355
403	0.753470792
404	0.614738072
405	0.864888991
406	0.521007786
407	0.407296007
408	0.438334298
409	0.264746421
410	0.263744628
411	0.482752627
412	0.585101961
413	5.590255754
414	0.345959234
415	0.358218845
416	0.176340633
417	0.052208062
418	0.194713984
419	0.236453175
420	2.342557188
421	0.151318044
422	0.321172264
423	0.370625099
424	0.097909115
425	0.18052658
426	0.055580876
427	0.181283692
428	0.519858524
429	0.568588848
430	0.528424846
431	0.810980813
432	3.893523537
433	0.560317463
434	0.344365921
435	0.419569622
436	0.199769909
437	0.320116097
438	0.269158925
439	0.05421412
440	0.27217172
441	0.176224471
442	0.105397025
443	0.054125969
444	0.31758937
445	0.203257238
446	0.256135612
447	0.057469124
448	0.290466805
449	0.715010497
450	0.209165017
451	0.133345905
452	0.412538121
453	0.446028994
454	0.492458324
455	0.10942809
456	0.466964497
457	-0.016681705
458	0.11982911
459	0.363884414
460	0.434875805
461	0.396326535
462	0.507275144
463	0.108113236
464	0.387465277
465	0.586222388