1	-999
2	-999
3	-999
4	-999
5	-999
6	-999
7	-999
8	-999
9	-999
10	-999
11	-999
12	0.501881372
13	0.299809796
14	0.651252272
15	0.610719328
16	0.253873142
17	0.021427733
18	0.01330397
19	0.005813161
20	0.096989253
21	0.058057745
22	0.028684241
23	0.014905975
24	0.113079821
25	-0.037605326
26	0.129998973
27	0.091822119
28	0.274074783
29	0.27970597
30	0.411849487
31	0.51898478
32	0.464433012
33	0.409846554
34	0.251027408
35	1.106666976
36	1.066809069
37	1.176217423
38	0.58184741
39	0.406935989
40	0.447205629
41	0.594425737
42	0.503611332
43	-0.021075728
44	0.086277942
45	0.645882115
46	0.730214569
47	0.373627707
48	0.599926693
49	0.173565888
50	0.057017608
51	-0.040761566
52	0.040881545
53	0.36296644
54	0.398095674
55	0.064762622
56	0.186065167
57	0.181323414
58	0.333099881
59	0.29752138
60	0.45529584
61	-0.021528976
62	0.068794648
63	0.303511411
64	0.480339324
65	0.54559899
66	0.291891899
67	0.589478118
68	0.65530477
69	0.861568742
70	0.976212473
71	0.587468929
72	1.252987413
73	0.870169638
74	0.648783012
75	0.782367026
76	0.421110634
77	0.573881743
78	0.704878209
79	0.371272185
80	0.255403491
81	0.401344611
82	0.655544758
83	0.72128042
84	-0.014960016
85	0.082290274
86	0.721756415
87	0.727483142
88	0.290173881
89	0.617806366
90	0.044098635
91	0.008864192
92	0.086673751
93	0.136492865
94	0.073969744
95	0.45187459
96	0.250826091
97	0.322854328
98	0.190323531
99	0.353314033
100	0.425297344
101	0.513177867
102	0.055027755
103	0.053379686
104	0.125966379
105	0.274967629
106	0.075150348
107	0.24149272
108	0.456407632
109	0.393784421
110	0.550527843
111	0.481990236
112	0.430635654
113	0.550630776
114	0.313327602
115	0.403942964
116	0.181712399
117	0.66306912
118	0.997521358
119	0.716480092
120	0.606390445
121	0.799096234
122	0.495175357
123	0.668596805
124	0.613496819
125	0.565876836
126	0.774698785
127	0.643885437
128	1.759145355
129	0.668372172
130	0.536326469
131	0.205038433
132	0.296871365
133	0.048070947
134	0.039128836
135	0.869379156
136	0.729486075
137	0.362456892
138	0.454772075
139	0.695182581
140	0.684931342
141	0.039590045
142	0.105728341
143	0.238563388
144	0.665087976
145	0.834766294
146	0.546009017
147	-0.059371439
148	0.166472026
149	0.729458778