1	-999
2	-999
3	-999
4	-999
5	-999
6	-999
7	-999
8	-999
9	-999
10	-999
11	-999
12	0.133387404
13	0.169694336
14	0.258133451
15	0.100696198
16	-0.029658477
17	-0.055804368
18	-0.058323807
19	-0.038267258
20	-0.047262144
21	-0.040813007
22	-0.009121213
23	-0.046442194
24	-0.067710896
25	-0.033785409
26	-0.009771459
27	0.054680015
28	0.078655285
29	0.204011678
30	0.237280473
31	0.215497081
32	0.214871054
33	0.305350636
34	0.743348016
35	0.723302792
36	0.911883521
37	0.465690994
38	0.258923433
39	0.260464019
40	0.262607459
41	0.166872599
42	-0.037270459
43	-0.071574037
44	0.054879863
45	0.2355376
46	0.285381901
47	0.236184186
48	0.272986818
49	0.051714011
50	-0.03549692
51	-0.05734025
52	-0.007100435
53	0.135137247
54	0.18980333
55	0.131521694
56	0.134932869
57	0.082282163
58	0.087942538
59	0.125855047
60	0.102394641
61	-0.026434605
62	-0.019624104
63	0.084955452
64	0.184491425
65	0.239002613
66	0.198691933
67	0.226421969
68	0.317775514
69	0.511991877
70	0.49277305
71	0.611895486
72	1.093197776
73	0.688652661
74	0.409169307
75	0.462445866
76	0.260259642
77	0.256500694
78	0.240293695
79	0.104845084
80	0.055059673
81	0.171393999
82	0.280029748
83	0.218821138
84	-0.03937731
85	-0.076164434
86	0.068520902
87	0.367719652
88	0.485319273
89	0.354072689
90	0.436107619
91	0.080141162
92	-0.000281396
93	0.03673293
94	0.068072943
95	0.177946458
96	0.356616347
97	0.246542288
98	0.28446769
99	0.208858376
100	0.166546257
101	0.205485881
102	0.082679767
103	-0.043926588
104	-0.033438333
105	0.020753308
106	0.066050597
107	0.004443859
108	0.153833542
109	0.328679668
110	0.343136127
111	0.398124894
112	0.478614533
113	0.35190172
114	0.282866992
115	0.204189746
116	0.227973532
117	0.202422654
118	0.563467019
119	0.545737553
120	0.488311412
121	0.544277289
122	0.660705179
123	0.638229725
124	0.450628894
125	0.347201729
126	0.366238654
127	0.187811649
128	-0.03965295
129	-0.058050084
130	0.156549867
131	0.49870227
132	0.543240765
133	0.396031982
134	0.500741517
135	0.106591616
136	0.011451594
137	-0.003570781
138	0.11116912
139	0.109838835
140	0.250090585
141	0.116330138
142	0.220979039
143	0.23258658
144	0.251183214
145	0.351535826
146	0.365188191
147	0.01559351
148	0.121350896
149	0.460686614
150	0.853851913
151	1.309068946
152	1.104311884
153	0.876522859
154	1.037929536
155	1.30508872
156	1.448264309
157	1.023235595
158	0.473660507
159	0.832880978
160	1.024122103
161	0.663487191
162	0.194985778
163	0.255798701
164	0.473361171
165	0.331373517
166	0.043776209
167	0.124422834
168	0.628680597
169	1.373146337
170	0.71888872
171	0.534573266
172	0.15891145
173	0.988690353
174	1.157585306
175	1.307501179
176	0.858673695
177	1.134984402
178	0.479593908
179	0.400970153
180	0.117764266
181	0.285886835
182	0.186763625
183	0.073504548
184	1.330325801
185	0.599431231
186	0.247357882
187	0.473645523
188	0.344594649
189	0.056885483
190	0.207862274
191	0.724168566
192	1.424582973
193	0.229534679
194	0.759247664
195	0.2991632
196	0.414547247
197	0.424001591
198	0.061170795
199	0.074421373
200	0.106912731
201	0.634001214
202	0.322700791
203	0.149055145
204	0.06623668
205	0.182853441
206	0.371682978
207	1.051863813
208	0.696473203
209	1.80176412
210	1.714933543
211	0.246486881
212	0.064973475
213	0.006995183
214	0.110348821
215	0.117577661
216	0.994439066
217	1.317237958
218	1.297865805
219	1.709748482
220	1.52864296
221	0.589700724
222	0.871830883
223	1.113763091
224	1.044721568
225	0.65456165
226	0.504810081
227	-0.028397189
228	0.680988931
229	0.900067595
230	1.322236414
231	1.052751889
232	1.153193013
233	0.956675702
234	1.25445583
235	0.981435379
236	0.704446374
237	0.43406663
238	0.853584462
239	0.768332107
240	0.612197958
241	1.403648454
242	0.703556382
243	0.600935402
244	0.425905632
245	0.555463356
246	0.869568789
247	0.63055101
248	1.257279833
249	0.066649965
250	-0.043406322
251	-0.0775104
252	1.100682915
253	0.204545883
254	0.514712209